TrainX: (2388, 15)
Training...
Traing Done!
Testing ... 
Testing sample number: 1025
Score: 0.948292682927

Feature Importance
feature_num 15
id: 561 FIm: 0.169837 Name: FILENO
id: 571 FIm: 0.131195 Name: CLASSES
id: 559 FIm: 0.117970 Name: DEXLEN
id: 572 FIm: 0.111332 Name: METHODS
id: 566 FIm: 0.104972 Name: TELEPHONY
id: 573 FIm: 0.084606 Name: FIELDS
id: 567 FIm: 0.072578 Name: NET
id: 562 FIm: 0.064287 Name: ACTNO
id: 563 FIm: 0.044728 Name: SERVICENO
id: 560 FIm: 0.040565 Name: PACKLEN
id: 565 FIm: 0.031980 Name: CRYPTO
True positive 616
True negtive 356
False positive 19
False negtive 34
Precision: 0.970078740157
Recall: 0.947692307692
F1score: 0.958754863813
