TrainX: (2388, 240)
Training...
Traing Done!
Testing ... 
Testing sample number: 1025
Score: 0.947317073171

Feature Importance
feature_num 240
id: 321 FIm: 0.219054 Name: XML
id: 477 FIm: 0.209177 Name: PNG
id: 339 FIm: 0.098066 Name: SO
id: 493 FIm: 0.085512 Name: getDeviceId
id: 319 FIm: 0.051824 Name: JPG
id: 271 FIm: 0.031180 Name: JAR
id: 407 FIm: 0.028171 Name: JSON
id: 418 FIm: 0.027059 Name: TXT
id: 255 FIm: 0.026093 Name: DB
id: 314 FIm: 0.022501 Name: PROPERTIES
id: 356 FIm: 0.022025 Name: HTML
id: 466 FIm: 0.016317 Name: MP3
id: 292 FIm: 0.015258 Name: JS
id: 374 FIm: 0.015090 Name: GIF
True positive 609
True negtive 362
False positive 13
False negtive 41
Precision: 0.979099678457
Recall: 0.936923076923
F1score: 0.957547169811
